0,3,4,6,9,11,12,14,15,16,22,24,26,28,29,30,32,33,34,40,41,43,46,47,48,49,50,51,53,54,55,57,58,59,60,61,63,64,65,67,69,71,75,76,77,78,79,80,81,82,84,85,86,87,88,90,92,94,95,96,97,99,101,104,105,107,108,110,113,115,117,121,124,126,127,129,131,132,133,134,136,139,141,142,146,150,152,154,157,158,159,161,166,167,169,170,171,172,173,175,176,179,180,182,183,186,187,189,190,191,192,195,196,197,198,199,200,202,203,204,205,207,208,211,213,214,216,217,218,222,224,227,230,231,232,233,234,235,236,237,238,239,241,242,243,245,246,247,248,249,250,255,256,257,259,260,261,262,266,267,268,269,272,274,280,283,284,285,287,288,290,291,293,294,295,296,302,303,304,305,306,307,309,311,312,313,315,316,317,320,321,322,323,324,325,328,329,330,332,336,337,338,339,340,341,342,343,345,346,347,348,351,352,353,354,356,357,358,360,362,363,365,367,371,374,375,378,381,383,387,389,390,391,392,394,396,397,398,399,400,402,405,406,407,409,410,411,412,413,414,415,416,417,418,422,423,425,427,429,430,432,434,435,436,437,439,440,443,444,445,450,452,453,455,457,460,461,462,464,465,466,467,469,470,479,480,481,482,483,484,486,489,490,493,494,495,496,497,498,499,500,501,502,504,507,508,509,510,511,516,517,520,521,522,524,525,526,528,529,530,531,533,534,535,536,540,543,545,548,549,551,552,553,555,556,557,561,564,566,571,572,573,575,576,578,580,582,583,585,586,587,588,593,594,596,597,598,600,601,603,605,606,607,608,609,610,611,613,614,615,618,620,628,629,630,631,632,633,636,637,638,643,644,645,649,650,651,652,653,655,656,657,658,660,662,663,664,665,667,670,671,673,677,678,679,680,681,682,684,689,691,692,693,694,695,696,697,698,700,701,702,703,704,705,706,707,708,710,711,713,714,715,716,717,718,722,724,729,730,731,732,733,734,736,737,738,739,740,742,743,745,749,750,751,753,754,756,757,758,759,761,762,763,767,771,772,773,775,776,777,780,781,784,785,786,787,788,789,790,791,793,796,797,798,799,800,802,803,807,810,812,814,815,816,817,819,820,821,822,823,824,826,829,831,835,837,838,840,841,842,844,847,848,849,852,856,857,858,859,862,863,866,867,869,871,872,873,874,875,876,877,881,882,885,888,890,891,892,893,895,898,899,901,902,903,906,907,908,909,911,913,915,916,917,919,921,922,924,927,929,931,932,933,934,936,937,938,940,941,942,944,945,947,950,952,953,954,955,956,957,960,962,963,964,965,966,968,971,973,975,976,977,978,983,985,988,990,991,992,993,995,996,998
1,2,5,10,18,21,23,25,31,35,36,37,39,42,44,45,56,62,66,73,74,83,91,93,100,102,106,112,114,119,120,123,125,128,130,135,137,138,144,145,148,153,156,160,162,168,174,178,181,185,188,194,201,206,212,215,220,223,226,229,244,252,253,264,265,277,278,282,289,292,301,308,310,314,319,326,327,331,333,334,335,344,350,355,366,369,370,372,373,376,379,384,386,388,408,419,424,428,431,433,438,446,456,458,463,472,475,476,485,491,503,512,513,514,515,518,523,532,537,538,541,542,546,547,550,554,558,560,581,584,590,592,602,604,616,617,621,622,623,626,627,634,639,646,647,666,668,669,672,674,675,676,683,685,686,687,712,719,720,726,728,735,744,747,769,770,778,783,792,801,804,805,809,811,818,828,830,832,833,834,839,843,846,851,853,855,864,879,880,883,884,886,887,894,897,900,918,920,925,926,928,935,939,943,946,948,949,961,967,970,979,981,982,989,994,999
7,13,17,19,68,89,98,111,116,118,140,143,147,151,155,163,165,177,209,219,221,240,254,263,271,279,281,297,300,318,361,364,368,380,385,393,401,404,441,442,449,459,468,473,487,492,505,506,519,527,559,563,565,567,568,570,577,579,589,591,625,640,648,654,661,690,699,709,721,723,725,746,752,755,760,764,774,779,782,808,813,827,836,845,850,854,861,868,870,878,889,896,904,905,910,914,923,930,958,959,969,980,984,986,987
8,27,38,103,109,122,184,193,225,228,251,258,273,275,276,299,349,359,377,382,395,403,454,471,474,539,544,574,635,641,688,748,765,768,795,806,825,860,865,972,997
20,70,72,164,270,286,298,420,447,448,477,488,562,569,599,612,624,642,659,741,794,912,951
52,210,421,426,451,727,766
478
595
149,619
974
